32
19 15 135 195
   0      97      1    -1   -1    2    3    1   -1   -1   -1
   1     116      1     0    2    3   -1   -1   -1   -1   -1
   2      97     16    -1   -1    4    5    3    1    0   -1
   3     116     16     2    4    5   -1   -1   -1    1    0
   4      97     31    -1    7    8    9    5    3    2   -1
   5     116     31     4    8    9   -1   -1   -1    3    2
   6      59     46    -1   10   11   12    7   -1   -1   -1
   7      78     46     6   11   12   13    8    4   -1   -1
   8      97     46     7   12   13   14    9    5    4   -1
   9     116     46     8   13   14   -1   -1   -1    5    4
  10      40     61    -1   -1   -1   -1   11    6   -1   -1
  11      59     61    10   -1   -1   15   12    7    6   -1
  12      78     61    11   -1   15   16   13    8    7    6
  13      97     61    12   15   16   17   14    9    8    7
  14     116     61    13   16   17   -1   -1   -1    9    8
  15      78     76    -1   18   19   20   16   13   12   11
  16      97     76    15   19   20   -1   17   14   13   12
  17     116     76    16   20   -1   -1   -1   -1   14   13
  18      59     91    -1   21   22   23   19   15   -1   -1
  19      78     91    18   22   23   24   20   16   15   -1
  20      97     91    19   23   24   -1   -1   17   16   15
  21      40    106    -1   -1   25   26   22   18   -1   -1
  22      59    106    21   25   26   27   23   19   18   -1
  23      78    106    22   26   27   28   24   20   19   18
  24      97    106    23   27   28   -1   -1   -1   20   19
  25      40    121    -1   29   30   31   26   22   21   -1
  26      59    121    25   30   31   -1   27   23   22   21
  27      78    121    26   31   -1   -1   28   24   23   22
  28      97    121    27   -1   -1   -1   -1   -1   24   23
  29      21    136    -1   -1   -1   -1   30   25   -1   -1
  30      40    136    29   -1   -1   -1   31   26   25   -1
  31      59    136    30   -1   -1   -1   -1   27   26   25
